436951392
436951393
436951394
436951406
436951420
436951425
436951439
436951449
436951456
436951492
436951494
436951539
436951577
436951625
436951989
436952037
436952038
436952151
436952159
436952171
436952178
436952179
436952211
436952258
436952268
436952269
436952274
436952275
436952280
436952282
436952290
436952292
436952293
436952298
436952299
436952300
436952302
436952303
436952304
436952363
436952428
436952454
436952455
436952460
436952481
436952485
436952489
436952516
436952517
436952577
436952581
436952594
436952755
436952758
436952760
436952769
436952781
436952784
436952785
436952828
436952829
436952830
436952832
436952834
436952846
436952847
436952848
436952881
436952882
436952935
436952975
436953001
436953003
436953004
436953005
436953008
436953010
436953014
436953015
436953024
436953071
436953077
436953107
436953152
436953154
436953162
436953163
436953164
436953165
436953200
436953201
436953203
436953215
436953224
436953233
436953243
436953252
436953297
436953374
436953407
436953409
436953419
436953431
436953439
436953456
436953465
436953467
436953476
436953486
436953490
436953492
436953507
436953528
436953531
436953548
436953549
436953895
436953999
436954083
436954091
436954092
436954103
436954137
436954159
436954188
436954223
436954230
436954348
436954354
436954355
436954401
436954403
436954416
436954417
436954439
436954442
436954446
436954486
436954499
436954500
436954538
436954540
436954557
436954558
436954561
436954607
436954613
436954614
436954707
436954710
436954747
436954755
436954757
436954783
436954865
436954872
436954956
436954959
436954963
436955068
436955080
436955097
436955171
436955214
436955260
436955295
436955300
436955340
436955541
436955562
436955565
436955567
436955586
436955587
436955589
436955604
436955606
436955618
436955619
436955622
436955624
436955630
436955638
436955642
436955643
436955724
436955725
436955727
436955728
436955729
436955736
436955748
436955759
436955760
436955761
436955763
436955765
436955766
436955770
436955771
436955772
436955781
436955796
436956241
436956269
436956292
436956323
436956336
436956348
436956360
436956361
436956366
436956367
436956369
436956378
436956379
436956382
436956383
436956384
436956394
436956395
436956400
436956401
436956402
436956404
436956405
436956406
436956407
436956410
436956411
436956414
436956416
436956419
436956420
436956421
436956422
436956423
436956425
436956438
436956439
436956440
436956445
436956483
436956488
436956496
436956497
436956499
436956504
436956506
436956508
436956509
436956513
436956876
436956942
436956943
436957062
436957200
436957219
436957270
436957286
436957551
436957568
436957613
436957765
436957890
436957892
436958043
436958045
436958051
436958052
436958436
436958439
436958447
436958511
436958542
436958572
436958592
436958600
436958601
436958611
436958630
436958633
436958636
436958660
436958687
436958692
436958698
436958734
436958736
436958810
436958833
436958922
436958939
436958944
436958950
436958956
436958957
436958963
436959003
436959004
436959052
436959339
436959346
436959613
436959720
436959738
436959739
436959740
436959756
436959862
436959966
436959973
436959980
436959982
436959983
436959988
436960004
436960005
436960006
436960007
436960008
436960036
436960044
436960059
436960067
436960116
436960144
436960145
436960146
436960149
436960152
436960153
436960157
436960158
436960168
436960180
436960200
436960204
436960207
436960542
436960543
436960562
436960641
436960683
436960684
436960685
436960717
436960723
436960734
436960777
436960842
436960951
436960965
436960974
436961033
436961164
436961186
436961198
436961200
436961204
436961213
436961224
436961225
436961243
436961245
436961246
436961255
436961256
436961257
436961258
436961259
436961260
436961261
436961262
436961272
436961274
436961275
436961283
436961298
436961300
436961302
436961304
436961414
436961420
436961422
436961423
436961479
436961481
436961483
436961484
436961495
436961496
436961497
436961524
436961567
436961573
436961582
436961594
436961800
436962013
436962014
436962071
436962073
436962107
436962116
436962120
436962135
436962140
436962171
436962173
436962220
436962246
436962339
436962383
436962391
436962392
436962394
436962397
436962433
436962492
436962493
436962851
436963034
436963054
436963055
436963063
436963070
436963071
436963072
436963087
436963111
436963140
436963150
436963152
436963153
436963154
436963156
436963161
436963164
436963171
436963172
436963174
436963176
436963178
436963180
436963182
436963183
436963186
436963197
436963199
436963200
436963202
436963203
436963204
436963206
436963211
436963212
436963220
436963228
436963230
436963235
436963237
436963239
436963240
436963242
436963249
436963251
436963252
436963253
436963254
436963255
436963258
436963260
436963328
436963408
436963412
436963421
436963422
436963456
436963459
436963488
436963489
436963495
436963499
436963504
436963506
436963507
436963508
436963536
436963601
436963605
436963611
436963625
436963628
436963641
436963664
436963666
436963727
436963737
436963809
436963813
436963814
436963860
436963866
436963901
436963903
436963904
436963932
436963954
436963974
436963977
436963991
436963992
436963993
436963996
436964018
436964127
436964130
436964148
436964173
436964181
436964222
436964235
436964236
436964241
436964250
436964275
436964370
436964379
436964387
436964401
436964411
436964412
436964563
436964600
436964606
436964608
436964616
436964621
436964626
436964672
436964686
436964687
436964697
436964702
436964716
436964755
436964758
436964760
436964778
436964779
436964784
436964789
436964791
436964800
436964802
436964804
436964814
436964831
436964835
436964838
436964839
436964884
436964887
436964924
436964990
436964991
436965016
436965028
436965029
436965127
436965128
436965135
436965145
436965150
436965152
436965153
436965154
436965170
436965180
436965193
436965194
436965196
436965200
436965233
436965250
436965265
436965277
436965278
436965279
436965280
436965281
436965283
436965295
436965300
436965303
436965306
436965308
436965309
436965311
436965317
436965351
436965364
436965420
436965469
436965496
436965517
436965522
436965541
436968688
436968694
436968695
436968706
436968715
436968738
436968774
436968775
436968779
436968784
436968798
436968862
436968873
436968885
436968886
436968891
436968952
436968967
436968973
436968976
436968981
436968984
436968989
436968991
436968998
436968999
436969000
436969005
436969006
436969020
436969034
436969042
436969076
436969091
436969093
436969102
436969107
436969116
436969121
436969150
436969177
436969178
436969225
436969238
